=== CASO 1: BanderaItalia_2D ===
  [PROBLEMA]
   |-- Dimensiones: 2D
   |-- Num Estados: 3
   |-- Borde uniforme: False
   |-- Franjas (H/V): False / True
   |-- Patrones: {'franjas'}
  [SOLUCIÓN / CONFIGURACIÓN]
   |-- Vecindario: von Neumann
   |-- Condiciones H: periodic
   |-- Condiciones V: fixed
   |-- Fitness Alcanzado: 0.9036
   |-- Tamaño de la regla: 243 genes

  [REGLA GANADORA]
   [0, 2, 0, 0, 2, 2, 0, 0, 2, 0, 0, 2, 0, 1, 1, 0, 2, 2, 1, 0, 1, 2, 1, 1, 0, 0, 0, 0, 1, 2, 0, 2, 1, 0, 2, 2, 0, 1, 1, 1, 1, 1, 1, 0, 2, 0, 1, 1, 2, 1, 1, 2, 2, 2, 0, 1, 0, 0, 1, 2, 1, 1, 0, 1, 0, 0, 0, 2, 0, 0, 0, 2, 1, 2, 1, 0, 2, 2, 2, 2, 0, 0, 1, 0, 1, 1, 2, 2, 0, 0, 0, 1, 0, 0, 1, 2, 2, 0, 1, 0, 2, 0, 1, 0, 2, 1, 0, 1, 0, 1, 1, 2, 1, 0, 1, 1, 1, 0, 1, 2, 1, 1, 1, 1, 1, 1, 1, 2, 0, 0, 1, 2, 0, 0, 0, 0, 1, 2, 1, 2, 2, 2, 0, 2, 0, 0, 1, 1, 1, 1, 1, 0, 2, 0, 2, 1, 1, 1, 1, 0, 2, 2, 1, 2, 1, 1, 1, 1, 1, 0, 0, 1, 2, 2, 1, 0, 2, 1, 1, 1, 2, 1, 1, 0, 1, 2, 2, 2, 2, 2, 0, 0, 1, 2, 1, 2, 2, 1, 1, 2, 1, 0, 1, 1, 0, 1, 0, 2, 2, 1, 0, 2, 2, 2, 2, 0, 0, 1, 1, 0, 1, 0, 0, 2, 0, 0, 2, 2, 1, 0, 1, 2, 1, 1, 2, 1, 2, 1, 2, 0, 2, 2, 2]
-------------------------------------------------------

=== CASO 2: BanderaPolonia_2D ===
  [PROBLEMA]
   |-- Dimensiones: 2D
   |-- Num Estados: 2
   |-- Borde uniforme: False
   |-- Franjas (H/V): True / False
   |-- Patrones: {'franjas'}
  [SOLUCIÓN / CONFIGURACIÓN]
   |-- Vecindario: von Neumann
   |-- Condiciones H: fixed
   |-- Condiciones V: periodic
   |-- Fitness Alcanzado: 0.9165
   |-- Tamaño de la regla: 32 genes

  [REGLA GANADORA]
   [0, 0, 0, 0, 0, 1, 0, 1, 1, 1, 0, 1, 1, 1, 1, 1, 1, 0, 0, 0, 1, 1, 0, 1, 1, 0, 1, 1, 0, 0, 1, 1]
-------------------------------------------------------

=== CASO 3: BanderaBenin_2D ===
  [PROBLEMA]
   |-- Dimensiones: 2D
   |-- Num Estados: 3
   |-- Borde uniforme: False
   |-- Franjas (H/V): False / False
   |-- Patrones: set()
  [SOLUCIÓN / CONFIGURACIÓN]
   |-- Vecindario: von Neumann
   |-- Condiciones H: periodic
   |-- Condiciones V: fixed
   |-- Fitness Alcanzado: 0.9124
   |-- Tamaño de la regla: 243 genes

  [REGLA GANADORA]
   [0, 2, 2, 0, 1, 2, 0, 0, 2, 0, 2, 2, 0, 1, 1, 1, 2, 0, 0, 0, 0, 1, 2, 1, 0, 2, 1, 0, 1, 0, 0, 1, 1, 0, 2, 2, 0, 1, 1, 1, 1, 2, 1, 1, 2, 0, 1, 1, 0, 1, 1, 2, 2, 2, 0, 2, 0, 0, 1, 1, 2, 2, 0, 1, 0, 1, 1, 1, 1, 0, 0, 2, 2, 2, 1, 0, 2, 2, 2, 2, 0, 1, 1, 0, 1, 1, 0, 1, 0, 0, 1, 0, 0, 0, 2, 2, 1, 1, 1, 0, 2, 1, 0, 0, 2, 1, 2, 0, 0, 0, 1, 1, 0, 1, 1, 1, 1, 1, 2, 2, 1, 1, 1, 1, 1, 1, 0, 2, 0, 0, 1, 2, 0, 2, 1, 0, 0, 1, 1, 2, 1, 1, 1, 1, 0, 0, 1, 1, 1, 1, 1, 1, 0, 1, 2, 2, 2, 0, 1, 0, 2, 0, 0, 2, 1, 1, 1, 1, 1, 1, 0, 0, 0, 1, 1, 0, 2, 2, 0, 1, 2, 1, 2, 1, 1, 2, 2, 2, 2, 0, 0, 2, 1, 2, 1, 2, 2, 1, 1, 1, 2, 1, 1, 2, 1, 1, 0, 2, 1, 2, 0, 2, 1, 2, 0, 2, 0, 1, 2, 0, 0, 1, 0, 0, 0, 1, 1, 2, 2, 0, 1, 1, 1, 2, 2, 1, 2, 2, 2, 2, 2, 2, 2]
-------------------------------------------------------

=== CASO 4: BanderaBangladesh_2D ===
  [PROBLEMA]
   |-- Dimensiones: 2D
   |-- Num Estados: 2
   |-- Borde uniforme: True
   |-- Franjas (H/V): False / False
   |-- Patrones: {'circulo'}
  [SOLUCIÓN / CONFIGURACIÓN]
   |-- Vecindario: Moore
   |-- Condiciones H: periodic
   |-- Condiciones V: periodic
   |-- Fitness Alcanzado: 0.8578
   |-- Tamaño de la regla: 512 genes

  [REGLA GANADORA]
   [0, 0, 0, 1, 0, 0, 1, 1, 1, 0, 1, 1, 1, 0, 1, 0, 0, 1, 1, 1, 0, 0, 1, 1, 1, 0, 1, 0, 0, 0, 1, 0, 0, 1, 0, 0, 0, 0, 1, 0, 1, 1, 1, 1, 0, 0, 1, 1, 1, 0, 0, 0, 1, 0, 1, 1, 1, 0, 0, 1, 1, 1, 0, 0, 0, 1, 0, 1, 1, 1, 1, 1, 1, 1, 1, 1, 1, 0, 1, 0, 1, 0, 0, 0, 1, 0, 0, 0, 0, 0, 1, 1, 0, 0, 1, 1, 1, 0, 1, 1, 0, 0, 0, 0, 1, 0, 0, 1, 0, 1, 1, 1, 1, 1, 0, 1, 1, 1, 1, 0, 1, 1, 1, 1, 0, 1, 1, 1, 1, 1, 0, 1, 0, 1, 0, 1, 0, 0, 0, 1, 1, 1, 1, 1, 0, 0, 1, 0, 1, 1, 1, 1, 0, 1, 1, 0, 1, 1, 1, 1, 0, 0, 0, 1, 0, 0, 1, 0, 1, 0, 1, 0, 1, 1, 0, 1, 1, 1, 1, 0, 0, 1, 1, 1, 1, 0, 0, 0, 1, 0, 0, 1, 1, 0, 1, 1, 1, 1, 0, 0, 1, 1, 0, 1, 0, 0, 1, 1, 1, 1, 1, 0, 1, 1, 1, 1, 1, 1, 1, 1, 0, 1, 1, 0, 1, 0, 1, 0, 0, 0, 1, 0, 0, 1, 1, 1, 1, 1, 0, 1, 0, 1, 0, 1, 1, 0, 0, 0, 1, 1, 1, 1, 0, 0, 0, 1, 0, 0, 0, 1, 1, 0, 1, 1, 1, 0, 0, 0, 1, 1, 1, 1, 1, 1, 0, 0, 1, 1, 1, 0, 0, 0, 1, 0, 1, 0, 1, 1, 0, 1, 1, 1, 0, 0, 1, 0, 1, 1, 1, 1, 0, 1, 1, 1, 1, 0, 0, 0, 1, 1, 0, 1, 1, 0, 1, 1, 0, 1, 1, 1, 1, 0, 0, 0, 1, 0, 1, 0, 1, 0, 1, 0, 1, 1, 0, 1, 0, 0, 1, 0, 0, 0, 0, 1, 1, 0, 1, 1, 1, 1, 0, 1, 0, 1, 1, 1, 1, 0, 0, 0, 0, 1, 1, 0, 1, 1, 0, 1, 1, 1, 0, 1, 1, 0, 0, 1, 1, 1, 1, 0, 1, 1, 1, 1, 1, 0, 1, 1, 0, 1, 1, 1, 1, 0, 1, 1, 0, 1, 0, 1, 0, 0, 1, 1, 0, 0, 1, 1, 1, 0, 0, 0, 0, 1, 0, 1, 1, 1, 0, 0, 0, 1, 0, 0, 0, 0, 0, 1, 1, 1, 1, 1, 1, 0, 1, 0, 1, 1, 1, 1, 1, 1, 1, 1, 0, 0, 1, 1, 1, 0, 0, 1, 0, 1, 1, 1, 0, 0, 1, 0, 0, 0, 1, 1, 0, 1, 0, 1, 1, 1, 0, 0, 1, 0, 1, 1, 1, 0, 1, 1, 1, 1, 0, 1, 0, 1, 1, 1, 1, 1, 0, 1, 1, 1, 1, 1, 1, 1, 0, 1, 1, 1, 1, 1, 1, 1, 1, 1, 1, 1, 1, 1]
-------------------------------------------------------

=== CASO 5: BanderaSuiza_2D ===
  [PROBLEMA]
   |-- Dimensiones: 2D
   |-- Num Estados: 2
   |-- Borde uniforme: True
   |-- Franjas (H/V): False / False
   |-- Patrones: {'circulo'}
  [SOLUCIÓN / CONFIGURACIÓN]
   |-- Vecindario: Moore
   |-- Condiciones H: periodic
   |-- Condiciones V: periodic
   |-- Fitness Alcanzado: 0.7776
   |-- Tamaño de la regla: 512 genes

  [REGLA GANADORA]
   [0, 0, 0, 1, 0, 1, 1, 0, 1, 1, 0, 1, 0, 1, 1, 0, 0, 1, 1, 1, 1, 0, 1, 1, 0, 0, 0, 0, 0, 0, 1, 1, 0, 0, 1, 0, 0, 0, 1, 0, 1, 1, 0, 0, 0, 1, 0, 0, 1, 0, 1, 1, 0, 1, 0, 1, 0, 0, 1, 0, 1, 0, 1, 1, 0, 0, 0, 0, 0, 0, 0, 1, 1, 0, 0, 1, 0, 1, 0, 1, 0, 0, 0, 1, 1, 0, 1, 1, 0, 0, 1, 1, 1, 1, 0, 1, 1, 1, 0, 0, 0, 0, 0, 0, 1, 0, 1, 1, 1, 1, 1, 1, 0, 0, 1, 1, 1, 0, 0, 0, 1, 1, 1, 1, 0, 1, 1, 0, 0, 1, 0, 0, 0, 1, 1, 1, 0, 0, 0, 0, 1, 0, 0, 0, 0, 0, 0, 1, 1, 1, 1, 1, 0, 1, 1, 0, 0, 0, 1, 1, 1, 0, 0, 1, 0, 1, 0, 1, 1, 0, 1, 1, 0, 1, 0, 0, 0, 1, 1, 1, 0, 0, 1, 0, 0, 0, 1, 1, 0, 0, 0, 0, 1, 1, 1, 0, 1, 1, 0, 0, 1, 1, 0, 1, 1, 1, 0, 0, 0, 0, 1, 0, 0, 1, 0, 1, 0, 1, 1, 0, 1, 0, 1, 1, 0, 1, 1, 0, 0, 1, 1, 1, 1, 1, 1, 0, 1, 0, 0, 0, 1, 1, 0, 0, 1, 0, 1, 0, 1, 0, 0, 1, 1, 0, 0, 0, 1, 1, 1, 0, 0, 1, 0, 1, 1, 1, 0, 0, 0, 0, 0, 1, 0, 0, 0, 1, 0, 0, 0, 0, 1, 1, 1, 1, 1, 1, 1, 0, 0, 1, 0, 1, 0, 1, 0, 1, 0, 1, 1, 1, 1, 0, 0, 1, 0, 1, 1, 1, 0, 0, 0, 0, 1, 0, 1, 1, 1, 1, 1, 1, 0, 0, 1, 0, 1, 0, 0, 0, 1, 1, 0, 0, 1, 1, 0, 0, 0, 0, 1, 0, 1, 1, 0, 1, 1, 0, 0, 1, 1, 0, 1, 1, 1, 1, 0, 0, 0, 0, 0, 0, 0, 0, 1, 1, 0, 0, 1, 1, 0, 1, 1, 1, 1, 0, 0, 1, 1, 0, 1, 1, 1, 0, 1, 1, 1, 1, 0, 1, 0, 1, 0, 1, 0, 1, 1, 0, 0, 0, 0, 1, 1, 0, 0, 0, 0, 1, 0, 1, 0, 1, 0, 0, 0, 1, 1, 1, 1, 1, 1, 1, 1, 1, 1, 1, 0, 0, 0, 1, 1, 0, 1, 1, 1, 0, 0, 1, 0, 1, 1, 0, 1, 0, 1, 1, 1, 0, 1, 1, 1, 1, 0, 1, 1, 0, 0, 1, 0, 1, 1, 1, 1, 0, 0, 1, 0, 0, 1, 0, 1, 0, 1, 0, 1, 1, 0, 1, 0, 0, 1, 1, 1, 1, 1, 1, 1, 1, 1, 0, 0, 0, 0, 1, 1, 0, 1, 1, 1, 1, 1, 1, 0, 0, 0, 1, 1, 1, 1, 1, 1, 0, 1, 1]
-------------------------------------------------------

=== CASO 6: BanderaColombia_2D ===
  [PROBLEMA]
   |-- Dimensiones: 2D
   |-- Num Estados: 3
   |-- Borde uniforme: False
   |-- Franjas (H/V): True / False
   |-- Patrones: {'franjas'}
  [SOLUCIÓN / CONFIGURACIÓN]
   |-- Vecindario: von Neumann
   |-- Condiciones H: fixed
   |-- Condiciones V: periodic
   |-- Fitness Alcanzado: 0.9049
   |-- Tamaño de la regla: 243 genes

  [REGLA GANADORA]
   [0, 0, 0, 0, 0, 1, 1, 2, 0, 0, 0, 1, 0, 1, 1, 2, 0, 2, 0, 0, 0, 0, 0, 0, 0, 0, 2, 1, 2, 0, 0, 1, 1, 1, 1, 0, 1, 2, 0, 0, 1, 0, 1, 1, 2, 1, 1, 1, 2, 2, 0, 0, 2, 1, 0, 2, 0, 2, 1, 1, 2, 1, 0, 2, 1, 0, 1, 1, 2, 1, 1, 2, 0, 2, 2, 0, 0, 2, 0, 0, 0, 0, 1, 2, 0, 0, 2, 2, 1, 2, 0, 2, 1, 0, 1, 2, 0, 0, 2, 0, 2, 1, 1, 1, 1, 0, 0, 0, 1, 1, 1, 1, 1, 0, 2, 2, 0, 1, 1, 1, 1, 1, 1, 2, 1, 0, 0, 1, 1, 0, 1, 0, 2, 1, 0, 0, 2, 0, 0, 2, 1, 1, 2, 1, 0, 0, 1, 2, 1, 1, 0, 2, 0, 2, 2, 2, 1, 1, 0, 1, 1, 2, 1, 2, 1, 1, 1, 1, 1, 0, 2, 1, 1, 2, 1, 0, 2, 0, 0, 1, 1, 2, 0, 1, 1, 0, 2, 1, 2, 0, 1, 1, 2, 0, 0, 1, 2, 2, 1, 0, 0, 1, 1, 1, 0, 0, 0, 1, 1, 2, 2, 0, 1, 1, 2, 2, 0, 1, 0, 0, 2, 1, 2, 2, 2, 0, 1, 1, 1, 1, 2, 1, 1, 0, 1, 2, 0, 2, 1, 0, 2, 0, 2]
-------------------------------------------------------

=== CASO 7: Forma_Cuadrado_2D ===
  [PROBLEMA]
   |-- Dimensiones: 2D
   |-- Num Estados: 2
   |-- Borde uniforme: True
   |-- Franjas (H/V): False / False
   |-- Patrones: {'circulo'}
  [SOLUCIÓN / CONFIGURACIÓN]
   |-- Vecindario: Moore
   |-- Condiciones H: periodic
   |-- Condiciones V: periodic
   |-- Fitness Alcanzado: 0.7641
   |-- Tamaño de la regla: 512 genes

  [REGLA GANADORA]
   [0, 0, 0, 1, 0, 1, 1, 0, 1, 1, 0, 0, 0, 1, 0, 1, 0, 1, 1, 1, 0, 0, 1, 0, 1, 1, 0, 0, 1, 1, 1, 1, 0, 1, 0, 1, 0, 1, 1, 0, 0, 1, 1, 0, 1, 0, 1, 1, 0, 0, 1, 1, 0, 1, 0, 1, 0, 1, 1, 0, 1, 0, 1, 1, 0, 0, 0, 0, 1, 0, 0, 1, 1, 0, 1, 0, 0, 1, 0, 1, 1, 0, 0, 0, 1, 0, 1, 1, 0, 0, 1, 0, 0, 0, 1, 1, 1, 0, 0, 0, 1, 1, 0, 1, 1, 1, 0, 1, 1, 0, 1, 1, 1, 1, 0, 1, 0, 1, 0, 1, 1, 1, 1, 1, 1, 0, 1, 1, 0, 1, 1, 1, 0, 0, 0, 1, 0, 1, 0, 0, 0, 0, 0, 1, 0, 1, 0, 1, 0, 1, 0, 0, 1, 0, 1, 0, 0, 0, 1, 1, 1, 1, 1, 1, 0, 1, 0, 1, 0, 0, 0, 0, 1, 1, 1, 0, 1, 1, 1, 0, 0, 1, 0, 1, 1, 1, 1, 0, 1, 1, 1, 1, 1, 1, 1, 1, 0, 1, 1, 1, 0, 1, 1, 1, 1, 1, 1, 0, 0, 1, 0, 0, 1, 0, 1, 1, 0, 1, 1, 0, 0, 1, 1, 0, 0, 1, 1, 1, 1, 1, 1, 1, 0, 1, 1, 1, 1, 1, 1, 1, 1, 1, 0, 1, 0, 0, 0, 1, 1, 0, 0, 1, 0, 0, 0, 0, 1, 1, 0, 1, 0, 1, 0, 1, 1, 1, 1, 0, 1, 0, 1, 1, 0, 0, 1, 0, 1, 1, 1, 1, 1, 0, 1, 1, 1, 1, 1, 1, 0, 0, 1, 0, 0, 1, 0, 1, 1, 0, 0, 0, 1, 1, 0, 1, 0, 0, 1, 0, 0, 0, 1, 1, 1, 0, 1, 0, 1, 1, 1, 1, 1, 1, 1, 0, 0, 0, 1, 1, 0, 1, 1, 0, 1, 0, 1, 0, 1, 0, 1, 0, 1, 0, 1, 1, 1, 1, 1, 1, 0, 1, 1, 0, 0, 0, 1, 0, 1, 1, 0, 1, 1, 0, 1, 0, 0, 1, 1, 1, 1, 0, 1, 1, 0, 0, 0, 1, 1, 1, 0, 1, 0, 0, 1, 1, 0, 0, 0, 1, 1, 0, 1, 1, 1, 1, 1, 1, 1, 1, 1, 1, 0, 0, 0, 0, 1, 1, 0, 1, 1, 0, 0, 1, 0, 1, 1, 1, 1, 0, 0, 0, 1, 0, 0, 1, 1, 0, 0, 1, 0, 0, 1, 1, 0, 1, 1, 0, 1, 1, 0, 1, 1, 1, 1, 1, 1, 1, 1, 1, 1, 1, 0, 1, 0, 1, 0, 1, 0, 0, 0, 1, 0, 0, 1, 1, 1, 1, 0, 1, 0, 1, 1, 0, 1, 1, 1, 1, 1, 0, 1, 1, 1, 1, 1, 1, 1, 0, 1, 1, 0, 0, 1, 0, 1, 1, 0, 1, 1, 1, 1, 1, 1, 1, 1, 1, 1, 1, 1, 1, 1, 0, 1, 1]
-------------------------------------------------------

=== CASO 8: Forma_Rombo_2D ===
  [PROBLEMA]
   |-- Dimensiones: 2D
   |-- Num Estados: 2
   |-- Borde uniforme: True
   |-- Franjas (H/V): False / False
   |-- Patrones: {'circulo'}
  [SOLUCIÓN / CONFIGURACIÓN]
   |-- Vecindario: Moore
   |-- Condiciones H: periodic
   |-- Condiciones V: periodic
   |-- Fitness Alcanzado: 0.8041
   |-- Tamaño de la regla: 512 genes

  [REGLA GANADORA]
   [0, 0, 0, 1, 0, 0, 1, 1, 1, 0, 0, 0, 0, 1, 1, 1, 0, 1, 1, 1, 1, 0, 1, 0, 1, 1, 0, 0, 0, 1, 1, 1, 0, 1, 0, 1, 0, 1, 0, 0, 0, 1, 1, 0, 1, 0, 1, 1, 0, 0, 0, 1, 1, 1, 1, 1, 0, 1, 1, 0, 0, 0, 1, 1, 0, 0, 0, 0, 1, 0, 0, 1, 1, 0, 1, 0, 0, 1, 1, 1, 0, 0, 0, 0, 1, 1, 1, 0, 1, 0, 1, 1, 0, 0, 1, 1, 1, 1, 1, 0, 1, 0, 0, 0, 1, 1, 0, 1, 0, 1, 1, 1, 1, 1, 0, 1, 0, 0, 0, 1, 1, 0, 1, 1, 1, 0, 0, 1, 0, 1, 0, 1, 0, 0, 1, 1, 0, 0, 1, 0, 1, 0, 0, 1, 0, 1, 1, 1, 0, 0, 0, 0, 1, 0, 1, 0, 1, 0, 1, 1, 1, 1, 1, 0, 1, 1, 0, 1, 1, 0, 0, 1, 1, 1, 1, 1, 1, 1, 1, 1, 1, 1, 0, 1, 1, 1, 1, 0, 1, 1, 1, 0, 1, 1, 0, 0, 0, 0, 0, 1, 1, 0, 1, 0, 1, 1, 1, 0, 0, 1, 0, 1, 1, 0, 1, 1, 1, 1, 0, 1, 1, 1, 1, 1, 1, 0, 1, 1, 1, 0, 1, 1, 0, 1, 1, 1, 1, 1, 0, 1, 1, 0, 0, 1, 0, 0, 1, 1, 1, 1, 0, 0, 0, 1, 1, 0, 1, 1, 0, 0, 1, 0, 0, 1, 1, 1, 1, 0, 1, 1, 1, 1, 1, 0, 0, 0, 1, 1, 0, 1, 1, 0, 1, 1, 0, 1, 1, 1, 1, 1, 1, 1, 1, 1, 1, 1, 0, 1, 0, 1, 1, 1, 1, 1, 1, 0, 1, 1, 0, 0, 1, 0, 1, 0, 0, 0, 1, 1, 1, 1, 0, 1, 1, 0, 0, 0, 1, 1, 1, 1, 0, 0, 1, 0, 0, 0, 1, 0, 1, 1, 1, 0, 0, 1, 0, 1, 1, 1, 0, 0, 0, 1, 0, 0, 1, 1, 1, 1, 0, 1, 1, 1, 1, 0, 1, 0, 0, 1, 1, 0, 1, 1, 1, 0, 0, 1, 1, 1, 0, 1, 0, 0, 1, 1, 0, 0, 0, 1, 0, 1, 1, 1, 1, 0, 1, 1, 1, 0, 1, 1, 0, 0, 0, 0, 0, 1, 0, 1, 1, 0, 0, 1, 0, 1, 0, 1, 1, 1, 0, 0, 0, 1, 0, 1, 1, 0, 0, 0, 0, 0, 1, 1, 0, 0, 0, 1, 0, 1, 0, 1, 1, 1, 1, 1, 1, 1, 1, 1, 1, 1, 0, 1, 1, 1, 0, 1, 1, 1, 0, 1, 0, 1, 1, 1, 1, 1, 1, 1, 0, 1, 1, 1, 1, 1, 1, 1, 1, 1, 0, 1, 1, 1, 0, 1, 1, 0, 1, 0, 1, 0, 1, 0, 1, 1, 1, 1, 1, 1, 0, 1, 0, 1, 0, 1, 1, 1, 1, 1, 1, 1, 1, 1]
-------------------------------------------------------
